6
1
3
27 6 2 2 0 -1
27 6 1 1 0 2
28 7 1 1 0 2
haar_x2_y2
1.149814e-004 0 -1
-2.960759e-001 9.256507e-001 
1
3
72 10 2 4 0 -1
73 10 1 2 0 2
72 12 1 2 0 2
haar_x2_y2
-3.648031e-004 0 -1
7.143905e-001 -6.436934e-002 
1
3
6 10 2 4 0 -1
6 10 1 2 0 2
7 12 1 2 0 2
haar_x2_y2
2.825595e-004 0 -1
-3.616377e-001 8.198471e-001 
1
3
42 30 2 2 0 -1
43 30 1 1 0 2
42 31 1 1 0 2
haar_x2_y2
-8.188220e-005 0 -1
5.536200e-001 -1.749407e-001 
1
2
22 28 3 3 0 -1
22 29 3 1 0 3
haar_y3
-2.546892e-004 0 -1
7.722191e-001 -4.609691e-001 
1
3
72 10 4 2 0 -1
74 10 2 1 0 2
72 11 2 1 0 2
haar_x2_y2
5.644353e-004 0 -1
-7.936859e-002 9.391096e-001 
-7.088007e-001

2
-1
