7
1
2
22 1 6 4 0 -1
22 1 6 2 0 2
tilted_haar_y2
-2.536919e-003 0 -1
-9.156214e-001 2.253720e-001 
1
3
61 13 6 2 0 -1
64 13 3 1 0 2
61 14 3 1 0 2
haar_x2_y2
-9.529435e-004 0 -1
5.964063e-001 -1.353741e-001 
1
3
13 13 6 2 0 -1
13 13 3 1 0 2
16 14 3 1 0 2
haar_x2_y2
3.291727e-004 0 -1
-3.048119e-001 7.443089e-001 
1
3
46 13 2 2 0 -1
47 13 1 1 0 2
46 14 1 1 0 2
haar_x2_y2
-1.218586e-004 0 -1
5.973969e-001 -1.238865e-001 
1
3
34 33 2 2 0 -1
34 33 1 1 0 2
35 34 1 1 0 2
haar_x2_y2
-7.346306e-005 0 -1
7.102095e-001 -3.938413e-001 
1
2
73 16 6 4 0 -1
72 17 6 2 0 2
tilted_haar_x4
5.043497e-004 0 -1
-1.307618e-001 2.801501e-001 
1
2
7 16 4 6 0 -1
8 17 2 6 0 2
tilted_haar_x4
-2.574608e-004 0 -1
5.949687e-001 -4.755288e-001 
-6.175491e-001

8
-1
