7
1
2
13 0 14 21 0 -1
13 7 14 7 0 3
haar_y3
-7.128464e-003 0 -1
-6.497632e-001 3.245527e-001 
1
2
51 37 9 1 0 -1
54 37 3 1 0 3
haar_x3
-4.704002e-004 0 -1
2.756645e-001 -1.737553e-001 
1
2
20 37 9 1 0 -1
23 37 3 1 0 3
haar_x3
3.101137e-004 0 -1
-4.002991e-001 6.046848e-001 
1
2
43 3 4 5 0 -1
43 3 2 5 0 2
haar_x2
-1.135053e-003 0 -1
-6.173614e-001 1.231614e-001 
1
2
33 3 4 5 0 -1
35 3 2 5 0 2
haar_x2
1.444928e-005 0 -1
-6.313114e-001 4.739890e-001 
1
3
62 7 14 10 0 -1
69 7 7 5 0 2
62 12 7 5 0 2
haar_x2_y2
8.241653e-003 0 -1
-1.106920e-001 6.261696e-001 
1
3
4 7 14 10 0 -1
4 7 7 5 0 2
11 12 7 5 0 2
haar_x2_y2
3.557003e-004 0 -1
5.113533e-001 -6.427118e-001 
-5.060716e-001

5
-1
