10
1
2
31 11 10 2 0 -1
31 11 5 2 0 2
tilted_haar_x2
-2.623309e-004 0 -1
7.349647e-001 -5.819210e-001 
1
2
39 8 21 2 0 -1
39 9 21 1 0 2
haar_y2
7.985003e-005 0 -1
-3.602318e-001 4.543432e-001 
1
2
6 8 35 2 0 -1
6 9 35 1 0 2
haar_y2
7.324190e-005 0 -1
-7.753135e-001 6.459253e-001 
1
3
45 4 8 2 0 -1
49 4 4 1 0 2
45 5 4 1 0 2
haar_x2_y2
-5.040719e-005 0 -1
3.087668e-001 -5.942798e-001 
1
2
29 0 5 8 0 -1
27 2 5 4 0 2
tilted_haar_y4
3.145303e-004 0 -1
-7.414664e-001 7.761590e-001 
1
2
74 4 6 20 0 -1
76 6 2 20 0 3
tilted_haar_y3
2.040263e-005 0 -1
-6.582440e-001 4.976788e-001 
1
2
29 25 18 10 0 -1
38 25 9 10 0 2
haar_x2
1.051223e-004 0 -1
-9.494897e-001 7.661375e-001 
1
2
45 14 11 4 0 -1
45 14 11 2 0 2
tilted_haar_x2
-9.975010e-004 0 -1
7.127925e-001 -9.260716e-001 
1
3
28 17 12 10 0 -1
28 17 6 5 0 2
34 22 6 5 0 2
haar_x2_y2
-6.109493e-005 0 -1
9.439465e-001 -9.075902e-001 
1
2
47 3 17 20 0 -1
47 3 17 10 0 2
tilted_haar_x2
-2.495475e-003 0 -1
6.196032e-001 -7.005774e-001 
-2.733238e-001

3
-1
