5
1
3
33 4 4 2 0 -1
33 4 2 1 0 2
35 5 2 1 0 2
haar_x2_y2
1.059586e-004 0 -1
-4.295726e-001 7.730145e-001 
1
3
58 14 2 4 0 -1
59 14 1 2 0 2
58 16 1 2 0 2
haar_x2_y2
-1.632716e-004 0 -1
5.763562e-001 -1.188054e-001 
1
3
20 14 2 4 0 -1
20 14 1 2 0 2
21 16 1 2 0 2
haar_x2_y2
-9.429455e-005 0 -1
8.079262e-001 -5.000033e-001 
1
3
42 5 4 10 0 -1
44 5 2 5 0 2
42 10 2 5 0 2
haar_x2_y2
8.401703e-004 0 -1
1.158051e-002 3.183075e-001 
1
2
31 8 4 1 0 -1
33 8 2 1 0 2
haar_x2
-1.091835e-004 0 -1
7.770643e-001 -5.623139e-001 
-1.292388e+000

-1
-1
