5
1
3
30 19 2 2 0 -1
30 19 1 1 0 2
31 20 1 1 0 2
haar_x2_y2
-5.692763e-005 0 -1
7.907133e-001 -4.153214e-001 
1
3
64 36 2 2 0 -1
65 36 1 1 0 2
64 37 1 1 0 2
haar_x2_y2
6.487215e-005 0 -1
-1.955910e-001 5.597039e-001 
1
3
14 36 2 2 0 -1
14 36 1 1 0 2
15 37 1 1 0 2
haar_x2_y2
9.261005e-005 0 -1
-3.947873e-001 9.159496e-001 
1
3
59 24 2 8 0 -1
60 24 1 4 0 2
59 28 1 4 0 2
haar_x2_y2
4.734481e-004 0 -1
-5.824157e-002 6.949440e-001 
1
3
19 24 2 8 0 -1
19 24 1 4 0 2
20 28 1 4 0 2
haar_x2_y2
-4.619173e-004 0 -1
8.922955e-001 -3.879804e-001 
-6.966268e-001

1
-1
