5
1
2
22 2 36 18 0 -1
22 11 36 9 0 2
haar_y2
-3.982930e-002 0 -1
-1.000000e+000 2.471910e-001 
1
2
45 17 1 4 0 -1
45 18 1 2 0 2
haar_y4
6.394351e-004 0 -1
-1.342573e-001 7.197266e-001 
1
2
17 7 2 22 0 -1
17 18 2 11 0 2
haar_y2
-3.124037e-003 0 -1
-9.111453e-001 2.409911e-001 
1
3
2 9 76 18 0 -1
40 9 38 9 0 2
2 18 38 9 0 2
haar_x2_y2
3.544637e-002 0 -1
2.444339e-001 -9.063634e-001 
1
3
31 33 2 4 0 -1
31 33 1 2 0 2
32 35 1 2 0 2
haar_x2_y2
-3.020848e-004 0 -1
8.495536e-001 -3.460851e-001 
2.522735e-001

4
-1
