7
1
3
12 16 4 2 0 -1
12 16 2 1 0 2
14 17 2 1 0 2
haar_x2_y2
1.259259e-004 0 -1
-3.441654e-001 5.381066e-001 
1
2
45 12 31 3 0 -1
45 13 31 1 0 3
haar_y3
-1.218107e-003 0 -1
3.004931e-001 -1.151565e-001 
1
2
4 12 31 3 0 -1
4 13 31 1 0 3
haar_y3
1.904349e-003 0 -1
-3.006940e-001 6.539862e-001 
1
2
54 11 5 2 0 -1
54 12 5 1 0 2
haar_y2
-1.126850e-003 0 -1
5.704009e-001 -1.364620e-002 
1
3
29 17 20 20 0 -1
29 17 10 10 0 2
39 27 10 10 0 2
haar_x2_y2
1.503291e-002 0 -1
2.899200e-001 -7.722093e-001 
1
3
40 8 6 2 0 -1
43 8 3 1 0 2
40 9 3 1 0 2
haar_x2_y2
-5.671459e-004 0 -1
5.689810e-001 -7.386892e-002 
1
3
34 8 6 2 0 -1
34 8 3 1 0 2
37 9 3 1 0 2
haar_x2_y2
-7.704961e-005 0 -1
4.721792e-001 -5.189695e-001 
-1.943085e-001

7
-1
