6
1
2
7 20 6 2 0 -1
10 20 3 2 0 2
haar_x2
9.395863e-004 0 -1
2.322894e-001 -9.175047e-001 
1
2
45 3 2 3 0 -1
45 4 2 1 0 3
haar_y3
4.701555e-004 0 -1
-1.999796e-001 4.250278e-001 
1
2
33 3 2 3 0 -1
33 4 2 1 0 3
haar_y3
3.969431e-005 0 -1
-5.186697e-001 4.980444e-001 
1
2
54 0 2 4 0 -1
53 1 2 2 0 2
tilted_haar_x4
1.552498e-003 0 -1
1.176957e-001 -6.399177e-001 
1
2
16 17 10 3 0 -1
21 17 5 3 0 2
haar_x2
1.264276e-003 0 -1
3.411562e-001 -7.822415e-001 
1
3
60 34 2 2 0 -1
61 34 1 1 0 2
60 35 1 1 0 2
haar_x2_y2
-1.434022e-004 0 -1
2.484317e-001 -1.894054e-001 
-5.366896e-001

6
-1
